pic 1 
1111111111111111111111111111111111111111
1111111111111111111111111111111111111111
1111111111111111111111111111111111111111
1111111111111111111111111111111111111111
1111111111111111111111111111111111111111
1111111111111111111111111111111111111111
1111111111111111111111111111111111111111
1111111111111101111111101011111111111111
1111111111111000111111010101111111111111
1111111111111000111111011101111111111111
1111111111110000011111101011111111111111
1111111111111101111111110111111111111111
1111111111111000111111111111111111111111
1111111111111111111111111111111111111111
1111111111111111111111111110000001001111
1111111111111100111111111001111110100111
1111110111100010011111100111111001110111
1111101010001101101111011111110110110111
1111010101111101110110111111101111001111
1111101011111001111000000111011111111111
1111110111000000101101111011011111111111
1111111110111111011101111100000111111111
1111111101111111101001110010110001111111
1111111101111111110111101110110100011111
1111111101000011111111110111001110101111
1111111010111101111111111011110101010111
1111111000001110111111111101101011101111
1111110110110101111111111101011011101111
1111110110110011111000000010011011101111
1111111001110111100111111101011101011111
1111111111101111011101110110011110111111
1111111111101110110011111011011101011111
1111111111101110100111110101011101011111
1111111001101101110011110011011101011111
1111100110101101110111111011011101011111
1110011010101101111111111111011101011111
1101101010101101111100011111011100111111
1101101010110110111011101110111011011111
1101100001111011011111111101110110011111
1110001101011100001111110011101011011111
1111101010101101110000001100011100111111
1111101110110011111111111111111001011111
1111110001111111111111111111100101011111
1111111110011111111111111100011101011111
1111111111100011111111111011111101011111
1111111111111011111111110111111101011111
1111111111111011111111110111111011101111
1111111111110111111111101111111100011111
1111111111100111111011101111111111111111
1111111111000000110001101111111111111111
1111111111000000010001011111111111111111
1111111111100001000000011111111111111111
1111000111110011100000111111111111111111
1111101111100011100000111111111110111111
1110000011111111000001111111111101011111
1111000111111110000011111111111110111111
1111000111111110011111111111111110111111
1111101111111110001111110001111111111111
1111111111111111111111111011111111111111
1111111111110111111111100000111111111111
1111111111111011111111101010111111111111
1111111111110111111111110001111111111111
1111111111110011111111111011111111111111
1111111111111011111111111111111111111111
1111111111111111111111111111111111111111
1111111111111111111111111111111111111111
1111111111111111111111111111111111111111
1111111111111111111111111111111111111111
1111111111111111111111111111111111111111
1111111111111111111111111111111111111111

pic 2
1111111111111111111111111111111111111111
1111111111111111111111111111111111111111
1111111111111111111111111111111111111111
1111111111111111111111111111111111111111
1111111111111111111111111111111111111111
1111111111111111111111111111111111111111
1111111111111111111111111111111111111111
1111111111111101111111101011111111111111
1111111111111000111111010101111111111111
1111111111111000111111011101111111111111
1111111111110000011111101011111111111111
1111111111111101111111110111111111111111
1111111111111000111111111111111111111111
1111111111111111111111111111111111111111
1111111111111111111111111110000001001111
1111111111111100111111111001111110100111
1111110111100010011111100111111001110111
1111101010001101101111011111110110110111
1111010101111101110110111111101111001111
1110001011111101111001000111011111111111
1110110111000000101101111011011111111111
1110100000111111011101111100000111111111
1011011101111111101001110010110001111111
1011011101111111110111101110110100011111
1100111101000011111111110111001110101111
1111111010111101111111111011110101010111
1111111000111110111111111101101011101111
1111110110011101111111111101110011101111
1111110110101011111000000010111011101111
1111111001110111100111111100111101011111
1111111111101111011111111110011110111111
1111111111101110100111110011011101011111
1111111111101110011011101101011101011111
1111111001101101111111111111011101011111
1111100110101101111111111111011101011111
1110011010101101100000000011011101011111
1101101010101101101111110111011100111111
1101101010110110110111101110111011011111
1101100001111011011000011101110110011111
1110001101011100001111110011101011011111
1111101010101101110000001100011100111111
1111101110110011111111111111111001011111
1111110001111111111111111111100101011111
1111111110011111111111111100011101011111
1111111111100011111111111011111101011111
1111111111111011111111110111111101011111
1111111111111011111111110111111011101111
1111111111110111111111101111111100011111
1111111111100111111011101111111111111111
1111111111000000110001101111111111111111
1111111111000000010001011111111111111111
1111111111100001000000011111111111111111
1111000111110011100000111111111111111111
1111101111100011100000111111111110111111
1110000011111111000001111111111101011111
1111000111111110000011111111111110111111
1111000111111110011111111111111110111111
1111101111111110001111110001111111111111
1111111111111111111111111011111111111111
1111111111110111111111100000111111111111
1111111111111011111111101010111111111111
1111111111110111111111110001111111111111
1111111111110011111111111011111111111111
1111111111111011111111111111111111111111
1111111111111111111111111111111111111111
1111111111111111111111111111111111111111
1111111111111111111111111111111111111111
1111111111111111111111111111111111111111
1111111111111111111111111111111111111111
1111111111111111111111111111111111111111


3 pic 
1111111111111111111111111111111111111111
1111111111111111111111111111111111111111
1111111111111111111111111111111111111111
1111111111111111111111111111111111111111
1111111111111111111111111111111111111111
1111111111111111111111111111111111111111
1111111111111111111111111111111111111111
1111111111111101111111101011111111111111
1111111111111000111111010101111111111111
1111111111111000111111011101111111111111
1111111111110000011111101011111111111111
1111111111111101111111110111111111111111
1111111111111000111111111111111111111111
1111111111111111111111111111111111111111
1111111111111111111111111110000001001111
1111111111111100111111111001111110100111
1111110111100010011111100111111001110111
1111101010001101101111011111110110110111
1111010101111101110110111111101111001111
1111101011111001111000000111011111111111
1111110111000000101101111011011111111111
1111111110111111011101111100000111111111
1111111101111111101001110010110001111111
1111111101111111110111101110110100011111
1111111101000011111111110111001110101111
1111111010111101111111111011110101010111
1111111000001110111111111101101011101111
1111110110110101111111111101011011101111
1111110110110011111000000010011011101111
1111111001110111100111111101011101011111
1111111111101111011101111110011110111111
1111111111101110100011110011011101011111
1111111111101110110011110011011101011111
1111111001101101110011110011011101011111
1111100110101101110011111011011101011111
1110011010101101111111111111011101011111
1101101010101101111000001111011100111111
1101101010110110111111111110111011011111
1101100001111011011111111101110110011111
1110001101011100001111110011101011011111
1111101010101101110000001100011100111111
1111101110110011111111111111111001011111
1111110001111111111111111111100101011111
1111111110011111111111111100011101011111
1111111111100011111111111011111101011111
1111111111111011111111110111111101011111
1111111111111011111111110111111011101111
1111111111110111111111101111111100011111
1111111111100111111011101111111111111111
1111111111000000110001101111111111111111
1111111111000000010001011111111111111111
1111111111100001000000011111111111111111
1111000111110011100000111111111111111111
1111101111100011100000111111111110111111
1110000011111111000001111111111101011111
1111000111111110000011111111111110111111
1111000111111110011111111111111110111111
1111101111111110001111110001111111111111
1111111111111111111111111011111111111111
1111111111110111111111100000111111111111
1111111111111011111111101010111111111111
1111111111110111111111110001111111111111
1111111111110011111111111011111111111111
1111111111111011111111111111111111111111
1111111111111111111111111111111111111111
1111111111111111111111111111111111111111
1111111111111111111111111111111111111111
1111111111111111111111111111111111111111
1111111111111111111111111111111111111111
1111111111111111111111111111111111111111
